# path
0.3770203611277952 -0.02679455091161497 0.07846385385180468
0.3770205318583891 -0.026791318382190205 0.07855918479202621
0.3770207901781851 -0.02678820899235327 0.07865127909459547
0.37702103996413533 -0.02678486119214315 0.07874002460200488
0.377021233125402 -0.026781189240236238 0.07882574801076135
0.3770213406577547 -0.026777672183142382 0.07890869252131673
0.37702142334085675 -0.026774446399990957 0.0789887566304369
0.3770216070557793 -0.026771427546936562 0.07906602988792598
0.3770218505414816 -0.02676853235558761 0.07914064952912692
0.3770220023092328 -0.02676568221691827 0.07921270148298985
0.3770221127330027 -0.02676279138626278 0.07928217010626391
0.3770222568003 -0.026759879861834077 0.07934920227197179
0.3770224510104379 -0.026756982751602584 0.0794139351394189
0.3770226271877876 -0.02675408631133517 0.07947644643055642
0.37702274412739506 -0.026751232072616843 0.07953676245187875
0.3773294583657769 -0.024816059619124007 0.09784461906311501
0.37841416008671014 -0.017870144202160994 0.12458919972536306
0.37923853579633854 -0.015219085978135795 0.09669905837678293
0.3824031482782702 -0.016921460811114165 0.07177271785664786
0.38937851788498856 -0.019084417064482675 0.09340837279920577
0.40155711782247266 -0.021004542293220366 0.08442960673940988
0.4211565601040308 -0.02646348625489528 0.044943944810779665
0.44266588981241906 -0.029186210546493646 0.050630277295675215
0.466348125401345 -0.02672560510250943 0.05349594435154159
0.491877390538743 -0.02573590775810191 0.001005664563471912
0.521483206164678 -0.025820844417208284 -0.03372014491505763
0.5545551790476654 -0.020541198822400904 -0.03160232585487822
0.5879741077613113 -0.017868169565253632 -0.06634105743509805
0.622482556382207 -0.021550265494253207 -0.11453478718136842
0.6584685460402369 -0.02545387578427562 -0.11620193205488713
0.6985982588555973 -0.029827643348340885 -0.1325107515283459
0.7393789202960479 -0.04251665405874882 -0.1905735240307511
0.7818454630234426 -0.05766191891738019 -0.2104481543526404
0.8259752513658757 -0.06983698623035187 -0.211702223000048
0.8689364786696264 -0.08617708112545719 -0.2589720128220975
0.9159076183057404 -0.10763148711064455 -0.29521499550902497
0.9624026238774968 -0.12300900621942534 -0.2862636872143589
1.0091429268805117 -0.13810898027890176 -0.30057893927365653
1.0560085398644927 -0.15852098346560936 -0.33334155652909236
1.1038028494946048 -0.17650584460201532 -0.31583376888408177
1.1561301013547824 -0.19192012014842239 -0.29665333878879235
1.2046862542762045 -0.2111564992147803 -0.32501195407848277
1.2550943887531685 -0.23243752097893958 -0.3250027848626505
1.3094607946350731 -0.24992723822826302 -0.2953559482366236
1.3615653454403591 -0.2700142140697876 -0.3116159075652654
1.4153068547528396 -0.29613137963538944 -0.3316543495819549
1.4686870337594213 -0.317119377242594 -0.3056054951155914
1.523970544522622 -0.33714041898725067 -0.3022083940917515
1.5779664748736264 -0.3624312176398956 -0.3308530233976827
1.632205405901048 -0.38522042294496966 -0.3166274062510978
1.6903654070259964 -0.40398462012870506 -0.29584801188961146
1.7443967116484616 -0.4262907269906638 -0.3223348053508089
1.800453226539207 -0.45054519172937546 -0.32577017249061896
1.8590698883494257 -0.4694090408228845 -0.29643290833060093
1.9148732553931505 -0.48972883072897616 -0.311692371777472
1.9717880675320771 -0.515430917751551 -0.3335097007689669
2.0282838698714025 -0.5359317319633835 -0.3092114513481276
2.0868412762041944 -0.5559568812270949 -0.304213692099879
2.1428763384062064 -0.5818763781511691 -0.3332666671462872
2.199149242330669 -0.6062564606550639 -0.32118231647747025
2.2590535030771224 -0.62673230682082 -0.2963900189501254
2.3147291638443934 -0.6506183968608762 -0.31981925730332905
2.3720203867937224 -0.6767185487995598 -0.3235839177143341
2.430926338259249 -0.6970751405118847 -0.29359607216111455
2.487660843819488 -0.7182953460775287 -0.3065655278528684
2.545821752108291 -0.7447183720902179 -0.3289565318731138
2.603597887455055 -0.7654368617566595 -0.3040484662899813
2.6637864723297535 -0.7846742692528912 -0.29584206676088115
2.7205902337493386 -0.8088898632817548 -0.3257406435439586
2.7776638714791666 -0.8321255751747769 -0.31508262949239724
2.838966203378965 -0.8517210852290259 -0.2901550268896231
2.895642064492156 -0.8747583748970847 -0.31408008408907134
2.9543189732877893 -0.9014369204348902 -0.3255386647374846
3.0137058451834347 -0.9222036785667892 -0.29642503938147957
3.0719470079979825 -0.9433813581742625 -0.3042257346392377
3.1305590152364906 -0.9704726704887238 -0.3321573208409253
3.1886358602289504 -0.9930788762793469 -0.3154423780228196
3.249643158035258 -1.0134048509830522 -0.31086790936141045
3.3066351040935276 -1.0392432824945763 -0.34755290379042825
3.365072798272952 -1.0656454106109585 -0.350910862619059
3.4265545263733723 -1.0876062348220443 -0.33237249905107674
3.482851591592542 -1.1122551263700513 -0.3612691864746459
3.540365564411223 -1.1413365608731716 -0.38371650877610336
3.5984134483038908 -1.1655901369930688 -0.3661561109141809
3.6562955099605934 -1.1908314499354675 -0.3812691061613544
3.7129807116222477 -1.222600361068308 -0.4202741314489212
3.7690380987496273 -1.2518124440861016 -0.4136304146861481
3.8281631275752765 -1.2794931541803587 -0.4094198518169301
3.882255264720828 -1.3119583980209546 -0.45063601970997313
3.9380873696181498 -1.3464224526888458 -0.4645804302370366
3.9957381741354907 -1.3760371042048103 -0.45179002108080235
4.048920374029471 -1.4070976834083078 -0.4855898934044987
4.103101724381099 -1.4435655391249123 -0.5202903079658566
4.158541622150127 -1.4758981820326929 -0.5121371915480206
4.213390893178454 -1.5084117364892784 -0.5366661326525289
4.265095118220541 -1.5476471942785257 -0.5907144289205186
4.316908889072689 -1.585268547208277 -0.602533098439324
4.371854470287218 -1.6220932570963185 -0.6181077412802904
4.4182189541876316 -1.6629417365912715 -0.6820398049734185
4.4644443961917535 -1.7078814292026794 -0.7190980165718993
4.513305970722693 -1.7522569759078024 -0.7296697305053291
4.555488179064413 -1.7992258643105703 -0.7863763050574385
4.596624644751339 -1.854562880987808 -0.8438030690431061
4.637823303878452 -1.9063602941140134 -0.8556013078278415
4.676783869724933 -1.9587098312657027 -0.8952604206910905
4.711085062881636 -2.0172787667605947 -0.9664088763437987
4.745243475844097 -2.0738292849508717 -0.9937926914499294
4.780465880457894 -2.1298842527508435 -1.0219855334037409
4.806168525914939 -2.1858143430041603 -1.0976032994031282
4.830624787306282 -2.2460481885941204 -1.1469611988281643
4.855774490469251 -2.3065918338018365 -1.165424341430322
4.874538784909838 -2.366566556892919 -1.2264517134233106
4.889188066311563 -2.4335098860572946 -1.2816993132354244
4.904006448740003 -2.496954122761981 -1.2750900751489376
4.917377901095275 -2.5607842576487494 -1.2781790730662421
4.927308650827487 -2.6288647102626475 -1.3137217795163605
4.939484422805767 -2.6952426142343247 -1.3048209027552988
4.9548772300633726 -2.759967087715873 -1.2814018313185576
4.965741099471569 -2.819853194907904 -1.3073403040692888
4.977336270454178 -2.882711189032971 -1.3221004778976144
4.992326848138332 -2.9444470635670013 -1.2974757077091557
5.0048690131648605 -3.004343387536219 -1.3197641694498352
5.014728955818928 -3.066264888079051 -1.3659121649185115
5.025786682372947 -3.126570565072919 -1.36279225100776
5.037181537173603 -3.1906717011098893 -1.3648939983198554
5.0429885800326035 -3.25402276570441 -1.4111328360361717
5.0490387725793715 -3.3188617464335053 -1.420798389387739
5.057589435300388 -3.3847857342099537 -1.4003709778162141
5.061959193632719 -3.4483693256471204 -1.4285615904026014
5.064685092576203 -3.5161680605493015 -1.4558849574826729
5.070656452282916 -3.579687892193859 -1.4377595179173548
5.075092414025041 -3.643688647265536 -1.4490611643866445
5.075828668489303 -3.708243058237992 -1.4972039064134577
5.078003952070248 -3.7704129874550176 -1.501767315176507
5.0807775264736 -3.835352909768611 -1.5008509221726594
5.078152562808865 -3.897676013179553 -1.5525115795049242
5.074228240841013 -3.962914262255951 -1.5847742720205984
5.072053766584537 -4.026656773084623 -1.579935520461304
5.06619279680409 -4.089039338393002 -1.6172961407100996
5.055985171497593 -4.155363261153157 -1.671959676810284
5.047967349899871 -4.217204405822582 -1.6794916994918203
5.037915893850929 -4.281001777751865 -1.702447288483186
5.022078402257087 -4.344659960373292 -1.7717855743863022
5.006067853339718 -4.4066025987681 -1.8046703055776794
4.989996130806614 -4.468924410503267 -1.8172320361024106
4.969439411766529 -4.527992106226428 -1.8778147103840597
4.946940970757537 -4.584681300451969 -1.8930128650987812
4.921186837469814 -4.643762586960903 -1.9171453960478129
4.888548046545485 -4.704430297244693 -1.9797500156830625
4.856700727707383 -4.763473602496008 -2.0053672183764224
4.827845704903718 -4.821083978591812 -2.0074845821355356
4.7943834123108315 -4.8753925657890695 -2.0607675842713005
4.755821906342867 -4.931369750482302 -2.104894036438156
4.723346399926866 -4.982827464872711 -2.1063977545447683
4.687197170519404 -5.033239552293326 -2.140831299731255
4.643645083921017 -5.0841572324748014 -2.1990018576140185
4.605074687573718 -5.13167914504144 -2.209299280570652
4.564979687695376 -5.1808419571593705 -2.223498710125376
4.519186006314032 -5.226620536794901 -2.283625006396251
4.473126576825127 -5.270965312849774 -2.3094826451605153
4.430532335144494 -5.31594412087793 -2.311405615425878
4.384691242914713 -5.357589224621146 -2.3559080429762664
4.3317487196579245 -5.398985159317064 -2.394666808712248
4.28533907069488 -5.439706947437603 -2.3802906350996915
4.236478620731416 -5.479949733722257 -2.3848883499083815
4.180825209802358 -5.518088979757381 -2.414498418829032
4.132493764603676 -5.555465734359633 -2.396013993257822
4.0846268372999806 -5.59614683056051 -2.3765173534398674
4.033792430464642 -5.634648478895714 -2.4037399215091595
3.982852338093668 -5.674088417655731 -2.401621466838907
3.9357119300850365 -5.718412875935009 -2.371110064873329
3.886581855084597 -5.7607958543868065 -2.3865988019963407
3.832796472435913 -5.802095860981655 -2.4061002786999905
3.7870683722676324 -5.844548924239144 -2.3796924155312147
3.739101678777406 -5.888929847644559 -2.377775857080717
3.6868693616754795 -5.929396720372459 -2.4142486235732465
3.6386124303698684 -5.96910901723895 -2.408333348021853
3.590440824680815 -6.012750420185819 -2.391787110518319
3.5399747862244157 -6.0507925882232385 -2.4238897716401335
3.487064728316927 -6.087517654196357 -2.439313316724292
3.4401584228287803 -6.12537907506444 -2.4160272799792617
3.3905864535742944 -6.162532418987309 -2.4320053501527052
3.3341439075837744 -6.198399493021898 -2.4647610799547133
3.285321568627216 -6.234552436007805 -2.4496002727092194
3.2353713010376675 -6.273918765497844 -2.4433335893264077
3.181640018844868 -6.309816395488655 -2.4807762195621406
3.1284059870887755 -6.345812088542014 -2.4888869181249347
3.077685906540923 -6.386659263628192 -2.4812999223675165
3.02527627454513 -6.423408854148017 -2.5249265009309028
2.9679271135759975 -6.457219905181224 -2.56701567673014
2.915342835899164 -6.491688786614101 -2.5656111472162246
2.859624104764252 -6.524949921037177 -2.5936941661367063
2.797995934755628 -6.5514160146418945 -2.6491055484292514
2.7414376394380255 -6.575948218253835 -2.658000038552486
2.684517166467892 -6.602112760738757 -2.665275828881958
2.6246556919815154 -6.622732472623582 -2.71971659806057
2.5620392403099683 -6.641814929001485 -2.748879919044756
2.5036868285799816 -6.663965387236529 -2.746416859502611
2.444311964773327 -6.6833670504169005 -2.7891972345927045
2.3788680502552393 -6.698773560440944 -2.8406664939498336
2.319380244316735 -6.716655049586348 -2.843831032434697
2.2572680495036237 -6.735217494783079 -2.8636364206381564
2.1932636831095076 -6.746482093365084 -2.922112658512937
2.1304618119375616 -6.756324986297671 -2.9393413120702996
2.0669800680138524 -6.768741522685784 -2.943221788194712
2.0041273895300713 -6.774449483336056 -2.9951272412072827
1.9374121470180263 -6.77521498878688 -3.0334666192726485
1.8752917500268356 -6.779412295827631 -3.0326339093455372
1.812615911725571 -6.781956303361364 -3.066614824978123
1.7463332510721288 -6.777221489565028 -3.1210289262733033
1.6835061523521269 -6.774426004785895 -3.128670094118716
1.6188952752076122 -6.774165707759141 -3.1394368414081475
1.5555702518503955 -6.7670445846692555 3.090827947392592
1.4909785401840614 -6.757293521968772 3.068058478835694
1.4271903969158215 -6.752483924998349 3.0740845123589775
1.3656374317405235 -6.7441904549754055 3.0344711380969627
1.3011216135165733 -6.729394216785793 2.989471329712345
1.239372784894532 -6.71884751620531 2.991529736501416
1.176415728516286 -6.708349732390504 2.9725752561045353
1.1149517450275033 -6.6902500957847355 2.9199900538928407
1.0538631619794736 -6.671417703158785 2.908328768714141
0.9904038288279009 -6.655449796954141 2.9080073761906213
0.9312794802948018 -6.633690809121035 2.8662693370144585
0.8697654593982092 -6.60634417810619 2.8510055752380237
0.8101022669420574 -6.584500559994521 2.8785134338931537
0.7513824439840916 -6.562610924975556 2.8696007103130476
0.6906337929490601 -6.535769378086321 2.8460528838393357
0.631115493892885 -6.515664044489223 2.868325420358147
0.5685255300629964 -6.498552862472658 2.879357537108666
0.51004823233579 -6.477876198186866 2.8495678519319907
0.45072461981180156 -6.457783292330807 2.855699407434143
0.3872503009950998 -6.441866156453757 2.8815286544161114
0.3289136550702221 -6.422281461222893 2.858567483716338
0.26840959242176743 -6.39792969301432 2.843107844261407
0.20789819481171662 -6.378229897882501 2.8715855323088326
0.1473320621575565 -6.358069815581107 2.8672902051658755
0.08668012693285282 -6.331123708282413 2.8375633680236354
0.02727494948126291 -6.307550542522363 2.8550919370008994
-0.03471982657249975 -6.287454355390752 2.8720174376410332
-0.09354122440914821 -6.263412642070744 2.8436429748248115
-0.15460251073647477 -6.238077781830652 2.8423757771307963
-0.217805612278493 -6.21940903290121 2.8699704651979823
-0.2772810610210681 -6.1994961037565135 2.8518456242585875
-0.33834883504363694 -6.17451633147078 2.823334364276457
-0.39913551392095725 -6.154261856086397 2.8407529533270206
-0.46183282787741486 -6.134249451228163 2.8368564413801916
-0.5215437037853091 -6.107994084650936 2.800360286033862
-0.5811238302396919 -6.082388872505442 2.8054561993156386
-0.644295507783989 -6.059530010613344 2.818792701465175
-0.7027387409188036 -6.032521188925385 2.7824060128815624
-0.762262743284989 -6.001315568737999 2.7595598758366857
-0.8220570530349409 -5.975972834128188 2.7693048245277887
-0.8796549638798948 -5.949721258732017 2.736606030431049
-0.9369121953621086 -5.916540123052351 2.6846414184095218
-0.9937684521468395 -5.886531563008923 2.677469570605194
-1.0530084007558942 -5.857364625514016 2.657814984220292
-1.105692307565831 -5.822365420484126 2.5931179811849088
-1.1594496247243955 -5.78417896601758 2.5592518133142854
-1.2159629299813672 -5.747060326638897 2.5472992568651796
-1.265388399106484 -5.706293989619165 2.48627013747044
-1.3149514465942047 -5.6575455471873815 2.429259154683994
-1.3646371401878712 -5.61152788782368 2.4138166569326276
-1.4110607827857864 -5.563975408579651 2.366630528996648
-1.4532225352999497 -5.508154679487636 2.296231018513378
-1.494545391900992 -5.454209227202564 2.2723701138429035
-1.5370663327353518 -5.400181902268716 2.247701576230636
-1.5704773907784866 -5.344046544387569 2.175183633249826
-1.6038417994087153 -5.2837699664544955 2.130647494536505
-1.6384599243562736 -5.225057689537878 2.1143113697796476
-1.6659586213994317 -5.167307653336199 2.052163589859566
-1.6909724598806455 -5.102175038714515 1.9855889980744899
-1.715944627749117 -5.039411204499638 1.9666875277386036
-1.7381998919321062 -4.975683593906655 1.924515114137306
-1.7534219528823245 -4.909236536731175 1.8491853163745433
-1.7679279579474962 -4.842804045008145 1.818011972540688
-1.7825277270396813 -4.77486796417916 1.7975476313065433
-1.7892198957444234 -4.70941405232187 1.733697507739866
-1.793897547047772 -4.6388340614748635 1.691984768237253
-1.7988797490729453 -4.572113716657939 1.7004634320872105
-1.800132675460399 -4.506942414334791 1.6822183214211688
-1.7993250029684584 -4.436491275801593 1.6555408048391191
-1.8018650403026248 -4.371344947552918 1.6793860268713532
-1.8042298470214673 -4.305471796317177 1.6905210631156289
-1.8045186629695433 -4.239169575985083 1.6595246792185403
-1.8073362495489877 -4.173467888785368 1.667067770224359
-1.8097448969468688 -4.1079617555893675 1.6691641383019153
-1.8103895231850171 -4.040262942239629 1.664806631330114
-1.8164304856037266 -3.9724114930809717 1.696316354426673
-1.8211387072637402 -3.9032353063779492 1.6959163105389063
-1.8225392405210958 -3.8323665561202573 1.6701284400927192
-1.8277478979765212 -3.7657172978325137 1.6914351193457149
-1.8338167393462719 -3.6968649637695163 1.7065004176340857
-1.8355100425349264 -3.6303522782021935 1.6757597860550795
-1.8391575855257998 -3.563692219405942 1.6789402929872452
-1.8463306437189275 -3.4962694753725354 1.7068023264468477
-1.8501105060924787 -3.432843503680337 1.6839807936762992
-1.8530232677624738 -3.366101590559314 1.658586166148447
-1.8586904891673344 -3.3019315649800385 1.6809733060912688
-1.8631272030271497 -3.2358053275153145 1.6793220612093194
-1.8644303492118521 -3.1692729253988405 1.6427355711577345
-1.8676300328920352 -3.1047483514018257 1.6509863484587604
-1.8719906989194237 -3.037142967013907 1.6696928092949788
-1.872657099690765 -2.9727949992647473 1.63815367265425
-1.873784308387867 -2.905958108630667 1.626505929532394
-1.8779108555746502 -2.839344545928186 1.6506421095768775
-1.8793909501432222 -2.7741241423075693 1.6310391053137292
-1.8781470544434011 -2.7054969319853224 1.5930380937290274
-1.879657417912098 -2.640252998601027 1.605158157307874
-1.8807170593780747 -2.572459379131145 1.6044396898823194
-1.8771640317963525 -2.505586999163016 1.5617838126600712
-1.8745160186361445 -2.4393654145559434 1.5564598258867777
-1.873521040175623 -2.3718453224392384 1.5744329541710103
-1.8686179179015165 -2.3077125441322304 1.542080669696899
-1.862097212076962 -2.2393519793081103 1.5111441045061271
-1.8585516403536781 -2.174555976888375 1.5277160763357558
-1.8525973448395272 -2.1093231270773036 1.5146378730947685
-1.843072196515384 -2.041319975016751 1.4704413083873196
-1.835795947752681 -1.976599135195036 1.4742897995663282
-1.8286774373490573 -1.9094776618592681 1.4865857370014344
-1.817707858247743 -1.8450002933233667 1.4481196223092596
-1.8063877265431798 -1.7785233207170854 1.4307762779153177
-1.798053588185839 -1.7132678478189842 1.4494229402431151
-1.7866766941266508 -1.649821132105163 1.4240872611634272
-1.7719599743312469 -1.583361754043761 1.385517235192923
-1.7603287372570826 -1.5208865439830566 1.3954943702200464
-1.7467878745113736 -1.4558905107616162 1.3905766202229217
-1.7287685472318353 -1.3902761319586585 1.3432997409901148
-1.7121120906757958 -1.326147250015124 1.3340248338242338
-1.6969758753072945 -1.2610435265184468 1.3426025041643577
-1.677704742281146 -1.2000384724638653 1.296218248292094
-1.6553758293488043 -1.1371081296710552 1.255285299943038
-1.637657846079977 -1.0794805158197736 1.257962418251673
-1.616538870801986 -1.0238398598398382 1.2259359627635604
-1.5894741856874544 -0.9677653865965001 1.1645095322736125
-1.566104089961071 -0.9176620722570195 1.1496711752030506
-1.5419906176665312 -0.8679191656488646 1.1378982796194026
-1.5133763741817534 -0.8205010236137069 1.0754571319246446
-1.482340333536164 -0.7732380153705921 1.03984139417591
-1.4543312387734972 -0.7282358039329871 1.0353228715813478
-1.4229245377733206 -0.6854977404146764 0.9838084768622055
-1.3852931396478405 -0.641332903346083 0.9294177495056818
-1.3537391219213173 -0.6003068063249235 0.9210468468932319
-1.3198919712310933 -0.5596224516256044 0.8859988737346778
-1.2789167144015399 -0.5204154950124571 0.8185562753930868
-1.2420617460096357 -0.4838121789862283 0.794178878687401
-1.2078982994006928 -0.4469530944910148 0.7705999966356816
-1.170942114192326 -0.41777448378630494 0.6987041985576652
-1.1326819585996686 -0.3930421483655733 0.6534527863672774
-1.1016990636078008 -0.369616077986315 0.6396385309362062
-1.070086510878713 -0.3508308175902685 0.5809140520395876
-1.0330029758244963 -0.33707610204517124 0.5102811330717514
-1.0032463416366542 -0.32493354808780095 0.49059649970153263
-0.9746689709208038 -0.3131869562999823 0.4528182694084537
-0.941888622800348 -0.3054362212695838 0.3760989856601253
-0.9095829264075239 -0.29792570328850304 0.36000932766427385
-0.8805460208504089 -0.28716898883340625 0.37529794673616634
-0.8517286076972819 -0.279884699315306 0.34779850983453253
-0.820169640588339 -0.2743805380658461 0.3345818088082492
-0.7924549068948269 -0.2641624189087054 0.36357565301599654
-0.7642355760232259 -0.2534334711003182 0.35054247330330884
-0.7331711596255859 -0.24584913268550024 0.3133309084750839
-0.7041054370054154 -0.23576268338863263 0.32448927247351383
-0.6741096083789916 -0.22195891744241422 0.3257354661080435
-0.6440951607665392 -0.2141309530039437 0.2780483258368359
-0.6136522834351351 -0.20813577164863312 0.2619475454962517
-0.5838572369501518 -0.19845743796322296 0.27240955647040804
-0.5538529394412448 -0.19272173824618385 0.2311967489778265
-0.5208482778479099 -0.1913692902107099 0.19114952466790572
-0.4914603397960447 -0.18704778154164317 0.1990733334131535
-0.4614361964623581 -0.18262305751369323 0.19224812446501127
-0.42859052401613057 -0.18360282970432126 0.15986990630936143
-0.39796384596306134 -0.18224580001890922 0.17615334827323956
-0.3677436939021427 -0.17610130090603182 0.19508445488820192
-0.3377054317809357 -0.1730784704443943 0.16641588929283122
-0.30606676846670633 -0.17050016491465075 0.16329681772097981
-0.2750456359075684 -0.1615622262854185 0.1932389324381807
-0.24482220005928676 -0.15441204626099847 0.17713775592728465
-0.2130557460623302 -0.1518195907302647 0.153603092326268
-0.18319346823224625 -0.14616107548405044 0.1796819319227757
-0.1522279365787459 -0.13881777319567465 0.18462187319858053
-0.12084017592215407 -0.13760230751637156 0.15409250414391185
-0.09032086241358551 -0.13621363128948402 0.1652532957913854
-0.05978669263344186 -0.13067162753246106 0.1919812616406788
-0.02937739443331908 -0.1285309115859375 0.16812078096430325
0.003466543182606162 -0.12858610719746574 0.15831667770567104
0.03335821182464335 -0.12273140908661846 0.18875535129077903
0.06201162456079927 -0.11706336318987981 0.1808294843868521
0.09088828877685251 -0.11671442048395919 0.15248696377784696
0.11586310360517844 -0.11349819208612608 0.17218633234465203
0.1398640588630878 -0.106606090962071 0.1877468235130727
0.16147339604089894 -0.10528591783443186 0.15778323125655785
0.18126906338553345 -0.10551027568529794 0.15961633548159865
0.19780065427243682 -0.10085965691055901 0.19096120211056083
0.21230092076903495 -0.09873109909987313 0.1713575564961909
0.2272062400231779 -0.10006993055696992 0.15294718312949931
0.23873496470527938 -0.0975163293843858 0.18320194320067673
0.24926002004602305 -0.0941055749806303 0.1813785368896705
0.259847760858453 -0.0953427155069129 0.1508673818247379
0.26866965242616514 -0.09516270838653745 0.16984051377490952
0.2767758324119778 -0.09157537342767753 0.1884480997590833
0.2842603842503366 -0.09213153205252912 0.15807462384518722
0.2916546083329661 -0.09416737500640049 0.15767906188598163
0.2973445752925433 -0.0916710483838313 0.190613459574452
0.3025005169293147 -0.09026302235058271 0.1740693587311406