# path
0.01 0.00 -0.00
0.03 0.01 -0.00
0.03 0.00 0.00
0.04 0.01 -0.00
0.04 0.01 -0.00
0.05 0.01 -0.00
0.05 0.01 -0.00
0.05 0.01 -0.00
0.05 0.01 -0.00
0.05 0.01 -0.00
0.05 0.01 -0.00
0.05 0.01 -0.00
0.12 0.02 -0.00
0.14 0.02 -0.00
0.19 0.02 -0.00
0.11 0.02 -0.00
0.13 0.02 -0.00
0.13 0.02 -0.00
0.14 0.03 0.01
0.16 0.08 0.30
0.14 0.15 0.70
0.11 0.22 1.12
0.06 0.24 1.54
0.06 0.25 1.55
0.04 0.24 1.62
0.19 0.58 1.63
0.09 0.94 1.64
0.03 1.23 1.70
-0.13 1.58 1.83
-0.40 2.27 1.63
-0.47 2.88 1.60
-0.53 4.06 1.63
-0.43 5.30 1.44
-0.13 6.18 1.57
0.00 6.72 1.68
0.14 7.50 1.68
0.26 8.34 1.61
0.42 9.05 1.63
0.60 9.75 1.61
0.76 10.46 1.62
0.80 10.84 1.62
0.98 11.65 1.62
0.91 12.59 1.67
0.76 13.74 1.68
0.65 15.00 1.68
0.52 16.24 1.68
0.43 17.50 1.67
0.32 18.75 1.67
0.20 20.01 1.67
0.21 21.27 1.58
0.19 22.53 1.58
0.20 23.80 1.58
0.26 25.04 1.43
0.72 26.23 1.11
1.64 27.05 0.49
2.80 27.53 0.42
4.03 27.80 0.10
5.29 27.88 0.07
6.55 27.99 0.08
7.80 28.07 0.07
9.06 28.16 0.08
10.32 28.27 0.09
11.56 28.38 0.09
12.82 28.45 0.08
14.08 28.53 0.08
15.33 28.55 -0.10
16.54 28.24 -0.44
17.36 27.29 -1.08
17.67 26.03 -1.33
17.93 24.71 -1.48
17.78 24.45 -1.81
17.57 24.74 3.12
17.81 24.96 1.60
17.91 25.60 1.61
18.10 26.55 1.69
17.64 27.30 2.62
16.58 27.80 2.77
15.45 28.16 3.00
14.28 28.41 3.00
13.08 28.60 -3.10
11.78 28.60 -3.10
10.39 28.61 -3.08
8.98 28.60 -3.08
7.57 28.59 -3.07
6.17 28.55 -3.06
4.77 28.45 -2.89
3.35 28.02 -2.80
1.94 27.43 -2.48
0.98 26.20 -2.12
0.22 24.80 -1.81
-0.25 23.25 -1.81
-0.45 21.67 -1.56
-0.55 20.07 -1.57
-0.65 18.46 -1.53
-0.68 16.88 -1.52
-0.83 15.96 -1.52
-0.71 15.94 -0.96
-0.53 15.57 -1.20
-0.58 15.22 -1.80
-0.70 15.26 -2.37
-0.93 15.03 -2.38
-1.27 14.81 -2.62
-1.63 14.59 -2.62
-2.22 14.44 -2.50
-2.33 14.23 -2.04
-2.67 13.82 -1.67
-2.64 13.72 -1.30
-2.54 13.04 -0.91
-1.86 12.52 -0.48
-0.84 11.89 -0.49
-0.11 10.95 -1.11
-0.05 9.74 -1.51
-0.04 9.10 -1.30
0.20 8.75 -1.32
0.53 7.88 -1.34
0.59 6.70 -1.53
0.60 5.41 -1.57
0.53 4.06 -1.60
0.35 2.72 -1.66
0.22 1.48 -1.69
0.02 0.34 -1.65
-0.13 -0.87 -1.66
-0.21 -1.30 -1.57
-0.21 -1.29 -1.58
-0.21 -1.28 -1.58
-0.21 -1.28 -1.58
-0.21 -1.29 -1.59
-0.21 -1.28 -1.59
-0.21 -1.29 -1.59
-0.21 -1.29 -1.59
-0.21 -1.29 -1.59
-0.21 -1.29 -1.59
-0.21 -1.29 -1.59
-0.21 -1.29 -1.59
-0.22 -1.29 -1.59
-0.22 -1.29 -1.59
-0.22 -1.29 -1.59
-0.22 -1.29 -1.59
-0.22 -1.28 -1.60
-0.22 -1.28 -1.60
-0.22 -1.28 -1.60
-0.22 -1.28 -1.60
-0.22 -1.28 -1.60
-0.22 -1.28 -1.60
-0.22 -1.28 -1.60
-0.22 -1.28 -1.60
-0.22 -1.28 -1.60
-0.22 -1.29 -1.60
-0.22 -1.29 -1.60
-0.22 -1.29 -1.60
-0.22 -1.28 -1.60
-0.22 -1.28 -1.60
-0.22 -1.28 -1.60
-0.22 -1.28 -1.60
-0.22 -1.28 -1.60
-0.22 -1.28 -1.60
-0.22 -1.28 -1.60
-0.22 -1.28 -1.60
-0.22 -1.28 -1.60
-0.22 -1.28 -1.60
-0.22 -1.28 -1.60
-0.22 -1.28 -1.60
-0.22 -1.28 -1.60
-0.22 -1.28 -1.60
-0.22 -1.28 -1.60
-0.22 -1.28 -1.60
-0.22 -1.28 -1.60
-0.22 -1.28 -1.60
-0.22 -1.28 -1.60
-0.22 -1.28 -1.60
-0.22 -1.28 -1.60
-0.22 -1.28 -1.60
-0.22 -1.28 -1.60
-0.22 -1.28 -1.60
-0.22 -1.28 -1.60
-0.22 -1.28 -1.60
-0.22 -1.28 -1.60
-0.22 -1.28 -1.60
-0.22 -1.28 -1.60
-0.22 -1.28 -1.60
-0.22 -1.28 -1.60
-0.22 -1.28 -1.60
-0.22 -1.28 -1.60
-0.22 -1.28 -1.60
-0.22 -1.28 -1.60
-0.22 -1.28 -1.60
-0.22 -1.28 -1.60
-0.22 -1.28 -1.60
-0.22 -1.28 -1.60
-0.22 -1.28 -1.60
-0.22 -1.28 -1.60
-0.22 -1.28 -1.60
-0.22 -1.28 -1.60
-0.22 -1.28 -1.60
-0.22 -1.28 -1.60
-0.22 -1.28 -1.60
-0.22 -1.28 -1.60
-0.22 -1.28 -1.60
-0.22 -1.28 -1.60
-0.22 -1.28 -1.60
-0.22 -1.28 -1.60
-0.22 -1.28 -1.60
-0.22 -1.28 -1.60
-0.22 -1.28 -1.60
-0.22 -1.28 -1.60
-0.22 -1.28 -1.60
-0.22 -1.28 -1.60
-0.22 -1.28 -1.60
