# path
0.00 0.02 -0.00
0.00 0.02 -0.00
0.00 0.02 -0.00
-0.00 0.02 -0.00
-0.00 0.02 -0.00
-0.00 0.02 -0.00
0.00 0.02 -0.00
0.00 0.02 -0.00
0.03 0.02 -0.00
0.06 0.02 -0.00
0.19 0.02 -0.00
0.05 0.02 -0.00
0.05 0.02 -0.00
0.05 0.03 -0.00
0.07 0.04 0.04
0.07 0.15 0.61
-0.05 0.25 1.53
-0.11 0.51 1.68
-0.11 0.87 1.72
-0.23 1.14 1.67
-0.29 1.46 1.64
-0.30 2.04 1.62
-0.42 2.46 1.69
-0.53 3.42 1.68
-0.67 4.53 1.62
-0.57 5.67 1.46
-0.45 6.84 1.45
-0.26 7.98 1.39
-0.03 8.99 1.36
0.07 9.90 1.57
0.01 11.02 1.58
0.12 12.31 1.49
0.22 13.55 1.49
0.35 14.80 1.38
0.61 16.11 1.37
0.88 17.52 1.37
0.94 18.96 1.69
0.48 20.30 1.91
0.13 21.68 1.81
-0.02 23.11 1.59
-0.03 24.56 1.59
-0.05 25.98 1.59
-0.09 27.42 1.59
-0.14 28.85 1.60
-0.10 30.33 1.39
0.55 31.61 0.91
1.74 32.50 0.47
3.20 32.73 0.00
4.67 32.65 0.00
6.16 32.85 0.15
7.60 33.10 0.16
9.09 33.32 0.15
10.55 33.53 0.15
12.02 33.71 0.06
13.51 33.76 0.04
14.99 33.83 0.01
16.39 33.45 -0.50
17.34 32.34 -1.11
17.47 30.87 -1.54
17.50 29.38 -1.52
17.58 27.89 -1.52
17.66 26.55 -1.52
17.80 26.54 -0.89
17.91 26.76 0.34
17.67 26.93 1.83
17.75 26.98 1.61
17.72 27.55 1.60
17.69 28.49 1.60
17.64 29.66 1.60
17.60 30.82 1.60
17.57 32.01 1.66
16.95 33.02 2.34
15.79 33.35 3.11
14.48 33.26 -3.11
13.13 33.19 -3.11
11.79 33.13 -3.12
10.43 33.10 -3.14
9.00 33.10 3.13
7.54 33.11 3.12
6.07 33.04 -3.05
4.61 32.81 -3.00
3.10 32.56 -2.99
1.63 32.13 -2.70
0.54 31.12 -2.21
0.04 29.68 -1.72
0.05 28.10 -1.59
0.03 26.50 -1.59
-0.01 24.84 -1.60
-0.02 23.14 -1.57
0.29 21.49 -1.36
0.63 19.83 -1.37
0.92 18.11 -1.49
0.76 16.36 -1.67
0.56 14.62 -1.67
0.40 12.86 -1.66
0.25 11.08 -1.66
0.08 9.29 -1.68
0.04 8.92 -1.72
-0.33 7.98 -1.88
-0.41 6.64 -1.59
-0.49 4.87 -1.60
-0.58 3.06 -1.60
-0.59 1.32 -1.54
-0.51 -0.07 -1.56
-0.48 -0.48 -1.56
-0.48 -0.48 -1.56
-0.48 -0.48 -1.57
-0.48 -0.48 -1.58
-0.49 -0.48 -1.59
-0.49 -0.48 -1.61
-0.49 -0.48 -1.62
-0.50 -0.48 -1.63
-0.50 -0.48 -1.64
-0.50 -0.49 -1.64
-0.50 -0.49 -1.65
